5,4,
1,-1,-1,1,1,
1,0,3,4,1,
1,0,2,2,1,
1,1,1,1,1,

(2,L)

5,4,
1,-1,-1,1,1,
1,0,3,4,1,
1,2,2,0,1,
1,1,1,1,1,

(2,R)

5,4,
1,-1,-1,1,1,
1,0,3,4,1,
1,0,2,2,1,
1,1,1,1,1,

(2,L)

5,4,
1,-1,-1,1,1,
1,0,3,4,1,
1,2,2,0,1,
1,1,1,1,1,

Performing breadth-first search on the board...
(2,L)
(4,D)
(3,R)
(2,U)
(2,U)
5,4,
1,2,2,1,1,
1,0,0,3,1,
1,0,0,4,1,
1,1,1,1,1,
52 0.00 5

Performing depth-first search on the board...
(3,D)
(2,L)
(3,D)
(5,U)
(4,R)
(2,D)
(5,L)
(4,U)
(2,R)
(3,U)
(3,U)
(2,L)
(7,U)
(6,R)
(2,D)
(2,L)
5,5,
1,1,1,1,1,
1,3,5,4,1,
1,0,0,7,1,
2,2,0,6,1,
1,1,1,1,1,
796096 6.50 16

Performing iterative-deepening search on the board...
(3,D)
(2,L)
(3,D)
(5,U)
(4,R)
(2,D)
(5,L)
(4,U)
(2,R)
(3,U)
(3,U)
(2,L)
(7,U)
(6,R)
(2,D)
(2,L)
5,5,
1,1,1,1,1,
1,3,5,4,1,
1,0,0,7,1,
2,2,0,6,1,
1,1,1,1,1,
796096 6.44 16

